1 8 9 19 24 30 35 36 38 45 53 56 61 64 75 84 85 89 92 94 102 108 114 
2 8 9 14 24 31 35 36 39 45 53 57 61 64 75 84 85 89 92 94 104 112 115 
2 6 9 18 24 32 35 36 39 48 53 57 61 64 75 84 85 89 92 94 104 112 118 
1 8 10 18 24 30 35 36 38 48 53 56 61 64 75 84 85 89 92 94 102 108 114 
2 8 9 13 23 26 35 37 39 45 52 56 61 64 75 84 85 89 92 95 104 109 115 
2 8 10 14 24 31 35 36 39 48 53 57 61 64 75 84 85 89 92 94 102 112 115 
2 6 9 18 24 31 35 36 39 42 53 57 61 64 75 84 85 89 92 94 102 112 118 
2 6 10 18 24 32 35 36 39 48 53 57 61 64 75 84 85 89 92 94 104 108 118 
1 8 10 18 24 30 35 36 38 49 53 56 61 64 75 84 85 89 92 94 102 107 115 
2 6 9 14 24 31 35 36 39 42 53 57 61 64 75 84 85 89 92 94 102 108 118 
2 8 10 14 24 32 35 36 39 42 53 57 61 64 75 84 85 89 92 94 104 112 115 
2 8 10 14 24 31 35 36 39 48 53 57 61 64 75 84 85 89 92 94 102 108 118 
2 6 9 14 24 31 35 36 39 41 53 57 61 64 75 84 85 89 92 94 104 108 115 
1 8 10 18 24 30 35 36 38 45 53 56 61 64 75 84 85 89 92 94 104 107 114 
2 8 12 19 23 26 35 37 39 48 52 56 61 63 75 84 85 89 92 95 102 109 115 
2 4 12 13 23 26 35 36 38 45 53 56 61 64 75 84 85 89 92 94 104 110 114 
2 5 12 18 23 26 35 37 39 45 52 56 61 64 75 84 85 89 92 95 104 109 115 
1 8 9 19 24 30 35 36 38 48 53 56 61 64 75 84 85 89 92 94 102 108 115 
1 8 10 18 24 30 35 36 38 48 53 56 61 64 75 84 85 89 92 94 104 108 114 
1 8 9 19 24 30 35 36 38 45 53 56 61 64 75 84 85 89 92 94 104 108 114 
2 6 9 14 24 31 35 36 39 45 53 57 61 64 75 84 85 89 92 94 104 108 118 
1 8 10 19 24 30 35 36 38 48 53 56 61 64 75 84 85 89 92 94 104 107 115 
2 6 10 14 24 32 35 36 39 45 53 57 61 64 75 84 85 89 92 94 104 108 118 
2 6 10 18 24 31 35 36 39 41 53 57 61 64 75 84 85 89 92 94 104 112 118 
2 6 9 18 24 32 35 36 39 42 53 57 61 64 75 84 85 89 92 94 102 108 118 
1 5 9 18 24 30 35 36 38 48 53 56 61 64 75 84 85 89 92 94 104 107 115 
2 8 10 14 24 31 35 36 39 48 53 57 61 64 75 84 85 89 92 94 104 112 118 
2 8 10 18 24 32 35 36 39 41 53 57 61 64 75 84 85 89 92 94 104 112 118 
2 5 12 19 23 26 35 36 38 45 53 56 61 64 75 84 85 89 92 94 102 110 114 
2 8 9 14 24 31 35 37 38 48 52 55 61 64 75 84 85 89 92 94 104 107 113 
2 6 9 14 24 32 35 36 39 42 53 57 61 64 75 84 85 89 92 94 104 112 118 
1 8 10 18 24 30 35 36 38 45 53 56 61 64 75 84 85 89 92 94 104 108 114 
2 8 10 14 24 32 35 36 39 48 53 57 61 64 75 84 85 89 92 94 104 112 118 
2 8 10 19 24 32 35 36 39 49 53 54 61 65 75 84 85 89 92 94 104 110 119 
2 6 10 14 24 32 35 36 39 48 53 57 61 64 75 84 85 89 92 94 104 108 118 
2 8 12 14 24 32 35 37 38 41 52 55 61 64 75 84 85 89 92 94 104 107 113 
2 4 12 13 23 26 35 36 38 45 53 56 61 64 75 84 85 89 92 94 102 107 114 
1 8 10 19 24 30 35 36 38 41 53 56 61 64 75 84 85 89 92 94 104 108 114 
2 8 12 14 24 31 35 37 38 49 52 55 61 64 75 84 85 89 92 94 104 107 113 
2 6 9 14 24 32 35 36 39 45 53 57 61 64 75 84 85 89 92 94 102 108 118 
2 6 10 14 24 31 35 36 39 48 53 57 61 64 75 84 85 89 92 94 104 108 115 
2 8 10 14 24 32 35 36 39 48 53 54 61 65 75 84 85 89 92 94 102 110 119 
2 8 12 19 23 26 35 36 38 42 53 56 61 64 75 84 85 89 92 94 102 110 114 
1 8 10 18 24 30 35 36 38 49 53 56 61 64 75 84 85 89 92 94 104 107 115 
2 8 9 14 24 31 35 36 39 41 53 57 61 64 75 84 85 89 92 94 102 112 118 
2 8 10 18 24 31 35 36 39 48 53 57 61 64 75 84 85 89 92 94 104 112 115 
2 8 10 14 24 32 35 36 39 45 53 57 61 64 75 84 85 89 92 94 102 108 118 
2 8 9 18 24 32 35 36 39 41 53 57 61 64 75 84 85 89 92 94 104 112 118 
2 8 10 14 24 32 35 36 39 48 53 54 61 65 75 84 85 89 92 94 104 108 119 
2 5 10 14 24 32 35 36 39 41 53 54 61 65 75 84 85 89 92 94 102 108 119 
2 8 10 19 24 31 35 36 39 41 53 54 61 65 75 84 85 89 92 94 102 108 115 
2 8 9 18 24 32 35 36 39 45 53 57 61 64 75 84 85 89 92 94 102 108 115 
2 6 9 18 24 32 35 36 39 45 53 57 61 64 75 84 85 89 92 94 104 112 118 
1 8 10 19 24 30 35 36 38 45 53 56 61 64 75 84 85 89 92 94 104 107 114 
1 8 9 18 24 30 35 36 38 45 53 56 61 64 75 84 85 89 92 94 102 107 114 
2 6 10 14 24 31 35 36 39 41 53 57 61 64 75 84 85 89 92 94 102 108 118 
2 5 12 13 23 26 35 37 39 48 52 56 61 64 75 84 85 89 92 95 104 109 115 
2 6 9 18 24 31 35 36 39 41 53 57 61 64 75 84 85 89 92 94 104 112 115 
2 8 9 14 24 32 35 36 39 45 53 57 61 64 75 84 85 89 92 94 102 112 115 
2 8 10 19 24 31 35 36 39 49 53 54 61 65 75 84 85 89 92 94 102 110 119 
2 4 12 13 23 26 35 36 38 45 53 56 61 64 75 84 85 89 92 94 104 107 114 
2 6 10 14 24 31 35 36 39 45 53 57 61 64 75 84 85 89 92 94 104 108 118 
2 6 9 14 24 32 35 36 39 42 53 57 61 64 75 84 85 89 92 94 104 108 118 
2 6 10 14 24 32 35 36 39 42 53 57 61 64 75 84 85 89 92 94 104 112 118 
2 6 10 18 24 32 35 36 39 48 53 57 61 64 75 84 85 89 92 94 104 108 115 
2 5 9 19 23 26 35 37 39 45 52 56 61 64 75 84 85 89 92 95 102 109 115 
2 8 9 18 24 32 35 36 39 48 53 57 61 64 75 84 85 89 92 94 102 108 115 
2 5 10 14 24 31 35 36 39 41 53 54 61 65 75 84 85 89 92 94 104 108 115 
2 8 10 14 24 31 35 36 39 41 53 57 61 64 75 84 85 89 92 94 102 112 115 
2 8 12 13 23 26 35 36 38 49 53 56 61 64 75 84 85 89 92 94 104 107 114 
2 5 12 14 24 32 35 37 38 49 52 55 61 64 75 84 85 89 92 94 104 107 113 
2 6 10 18 24 32 35 36 39 42 53 57 61 64 75 84 85 89 92 94 104 108 118 
2 5 12 14 24 32 35 37 38 41 52 55 61 64 75 84 85 89 92 94 104 107 113 
2 8 10 19 24 31 35 36 39 49 53 54 61 65 75 84 85 89 92 94 102 108 119 
2 6 9 14 24 31 35 36 39 45 53 57 61 64 75 84 85 89 92 94 102 108 115 
2 5 9 14 24 32 35 37 38 49 52 55 61 64 75 84 85 89 92 94 104 107 113 
2 8 9 18 24 32 35 37 38 48 52 55 61 64 75 84 85 89 92 94 103 107 113 
2 5 10 19 24 32 35 36 39 49 53 54 61 65 75 84 85 89 92 94 104 110 119 
1 8 10 19 24 30 35 36 38 41 53 56 61 64 75 84 85 89 92 94 104 107 114 
2 5 10 19 24 31 35 36 39 48 53 54 61 65 75 84 85 89 92 94 104 110 115 
2 8 9 19 23 26 35 37 39 45 52 56 60 64 75 84 85 89 92 95 104 108 115 
1 8 10 18 24 30 35 36 38 41 53 56 61 64 75 84 85 89 92 94 102 108 115 
2 5 12 13 23 26 35 36 38 48 53 56 61 64 75 84 85 89 92 94 104 110 114 
2 8 12 13 23 26 35 37 39 48 52 56 61 64 75 84 85 89 92 95 104 108 115 
2 8 10 14 24 32 35 36 39 41 53 54 61 65 75 84 85 89 92 94 102 108 115 
2 8 9 19 23 26 35 37 39 45 52 56 61 64 75 84 85 89 92 95 102 108 115 
2 6 9 18 24 31 35 36 39 41 53 57 61 64 75 84 85 89 92 94 102 108 115 
2 8 9 18 24 32 35 36 39 48 53 57 61 64 75 84 85 89 92 94 104 108 115 
2 5 10 19 24 32 35 36 39 41 53 54 61 65 75 84 85 89 92 94 102 110 115 
2 4 12 19 23 26 35 36 38 48 53 56 61 64 75 84 85 89 92 94 104 107 114 
2 8 12 19 23 26 35 36 38 48 53 56 61 64 75 84 85 89 92 94 104 110 114 
2 6 9 18 24 32 35 36 39 45 53 57 61 64 75 84 85 89 92 94 102 108 115 
2 8 10 14 24 31 35 36 39 42 53 57 61 64 75 84 85 89 92 94 102 108 115 
2 8 10 14 24 32 35 36 39 42 53 57 61 64 75 84 85 89 92 94 102 112 118 
2 8 9 19 23 26 35 37 39 48 52 56 61 64 75 84 85 89 92 95 104 109 115 
2 8 9 18 24 31 35 36 39 42 53 57 61 64 75 84 85 89 92 94 104 108 115 
2 5 10 19 24 32 35 36 39 49 53 54 61 65 75 84 85 89 92 94 104 108 115 
2 8 9 14 24 31 35 36 39 48 53 57 61 64 75 84 85 89 92 94 102 112 115 
2 6 9 18 24 31 35 36 39 42 53 57 61 64 75 84 85 89 92 94 104 108 115 
2 8 10 18 24 31 35 36 39 42 53 57 61 64 75 84 85 89 92 94 102 108 115 
2 8 12 19 23 26 35 37 39 49 52 56 60 64 75 84 85 89 92 95 102 108 115 
2 6 9 14 24 32 35 36 39 48 53 57 61 64 75 84 85 89 92 94 102 112 115 
2 5 10 14 24 32 35 36 39 41 53 54 61 65 75 84 85 89 92 94 104 108 115 
2 8 10 14 24 31 35 36 39 48 53 54 61 65 75 84 85 89 92 94 102 110 119 
2 6 10 18 24 32 35 36 39 42 53 57 61 64 75 84 85 89 92 94 104 112 115 
2 8 10 14 24 31 35 36 39 48 53 57 61 64 75 84 85 89 92 94 102 112 118 
2 8 10 14 24 31 35 36 39 41 53 54 61 65 75 84 85 89 92 94 104 110 115 
2 6 10 18 24 32 35 36 39 48 53 57 61 64 75 84 85 89 92 94 102 108 118 
2 6 10 18 24 31 35 36 39 42 53 57 61 64 75 84 85 89 92 94 104 108 118 
2 8 9 14 24 31 35 36 39 45 53 57 61 64 75 84 85 89 92 94 102 112 118 
2 8 9 14 24 32 35 36 39 41 53 57 61 64 75 84 85 89 92 94 102 112 115 
2 4 12 13 23 26 35 36 38 42 53 56 61 64 75 84 85 89 92 94 102 110 114 
2 8 12 18 24 31 35 37 38 41 52 55 61 64 75 84 85 89 92 94 103 107 113 
2 8 9 14 24 31 35 36 39 48 53 57 61 64 75 84 85 89 92 94 102 112 118 
1 8 10 18 24 30 35 36 38 48 53 56 61 64 75 84 85 89 92 94 104 107 114 
2 8 10 14 24 32 35 36 39 49 53 54 61 65 75 84 85 89 92 94 104 108 115 
2 4 12 13 23 26 35 36 38 49 53 56 61 64 75 84 85 89 92 94 104 110 114 
2 8 10 14 24 32 35 36 39 41 53 54 61 65 75 84 85 89 92 94 102 110 115 
2 8 9 14 24 32 35 37 38 49 52 55 61 64 75 84 85 89 92 94 103 107 113 
2 4 12 19 23 26 35 36 38 45 53 56 61 64 75 84 85 89 92 94 104 110 114 
1 8 9 18 24 30 35 36 38 45 53 56 61 64 75 84 85 89 92 94 102 107 115 
2 8 10 18 24 31 35 36 39 42 53 57 61 64 75 84 85 89 92 94 104 112 118 
1 5 10 19 24 30 35 36 38 49 53 56 61 64 75 84 85 89 92 94 102 107 115 
2 5 9 13 23 26 35 37 39 45 52 56 61 64 75 84 85 89 92 95 104 109 115 
2 8 9 14 24 32 35 36 39 42 53 57 61 64 75 84 85 89 92 94 104 108 118 
2 8 9 18 23 26 35 37 39 48 52 56 61 63 75 84 85 89 92 95 102 108 115 
2 6 9 14 24 31 35 36 39 41 53 57 61 64 75 84 85 89 92 94 104 112 115 
2 5 12 13 23 26 35 37 39 47 52 56 61 64 75 84 85 89 92 95 104 109 115 
2 8 9 18 24 32 35 36 39 48 53 57 61 64 75 84 85 89 92 94 102 112 115 
2 6 9 18 24 32 35 36 39 48 53 57 61 64 75 84 85 89 92 94 104 108 118 
2 6 9 18 24 32 35 36 39 41 53 57 61 64 75 84 85 89 92 94 104 108 115 
2 6 10 18 24 32 35 36 39 41 53 57 61 64 75 84 85 89 92 94 104 108 118 
2 5 9 18 24 32 35 37 38 41 52 55 61 64 75 84 85 89 92 94 103 107 113 
2 8 10 14 24 32 35 36 39 42 53 57 61 64 75 84 85 89 92 94 102 108 118 
2 5 9 18 24 31 35 37 38 49 52 55 61 64 75 84 85 89 92 94 104 107 113 
1 8 10 18 24 30 35 36 38 41 53 56 61 64 75 84 85 89 92 94 104 107 114 
2 5 12 18 24 32 35 37 38 41 52 55 61 64 75 84 85 89 92 94 104 107 113 
2 8 10 14 24 31 35 36 39 48 53 57 61 64 75 84 85 89 92 94 104 108 115 
1 8 9 19 24 30 35 36 38 49 53 56 61 64 75 84 85 89 92 94 104 107 115 
2 6 9 14 24 32 35 36 39 41 53 57 61 64 75 84 85 89 92 94 104 112 115 
2 8 10 19 24 31 35 36 39 41 53 54 61 65 75 84 85 89 92 94 102 110 119 
2 6 10 14 24 32 35 36 39 42 53 57 61 64 75 84 85 89 92 94 102 112 118 
2 4 12 19 23 26 35 36 38 45 53 56 61 64 75 84 85 89 92 94 104 107 114 
2 5 10 19 24 31 35 36 39 41 53 54 61 65 75 84 85 89 92 94 102 110 119 
2 8 10 14 24 31 35 36 39 45 53 57 61 64 75 84 85 89 92 94 102 112 115 
2 8 12 13 23 26 35 37 39 45 52 56 60 63 75 84 85 89 92 95 102 108 115 
2 5 12 18 23 26 35 37 39 45 52 56 61 63 75 84 85 89 92 95 104 109 115 
2 8 10 14 24 32 35 36 39 41 53 57 61 64 75 84 85 89 92 94 104 112 118 
2 6 9 14 24 32 35 36 39 45 53 57 61 64 75 84 85 89 92 94 102 112 115 
2 6 10 18 24 31 35 36 39 42 53 57 61 64 75 84 85 89 92 94 102 112 118 
2 8 10 18 24 31 35 36 39 41 53 57 61 64 75 84 85 89 92 94 104 108 115 
2 8 9 19 23 26 35 37 39 49 52 56 60 64 75 84 85 89 92 95 104 109 115 
2 8 10 18 24 32 35 36 39 42 53 57 61 64 75 84 85 89 92 94 104 108 115 
2 4 12 19 23 26 35 36 38 45 53 56 61 64 75 84 85 89 92 94 102 107 114 
2 8 9 18 24 31 35 37 38 41 52 55 61 64 75 84 85 89 92 94 103 107 113 
2 8 10 19 24 32 35 36 39 41 53 54 61 65 75 84 85 89 92 94 102 108 115 
2 6 10 14 24 31 35 36 39 45 53 57 61 64 75 84 85 89 92 94 104 112 115 
2 8 10 18 24 31 35 36 39 45 53 57 61 64 75 84 85 89 92 94 104 112 115 
2 6 10 18 24 31 35 36 39 48 53 57 61 64 75 84 85 89 92 94 102 108 118 
2 6 9 14 24 31 35 36 39 42 53 57 61 64 75 84 85 89 92 94 102 108 115 
2 6 9 14 24 32 35 36 39 42 53 57 61 64 75 84 85 89 92 94 102 108 118 
2 6 10 14 24 31 35 36 39 48 53 57 61 64 75 84 85 89 92 94 102 112 115 
2 8 12 19 23 26 35 36 38 45 53 56 61 64 75 84 85 89 92 94 104 110 114 
2 5 10 19 24 32 35 36 39 48 53 54 61 65 75 84 85 89 92 94 104 110 115 
2 8 10 18 24 31 35 36 39 45 53 57 61 64 75 84 85 89 92 94 104 108 115 
2 5 10 14 24 32 35 36 39 41 53 54 61 65 75 84 85 89 92 94 104 110 119 
2 6 9 18 24 31 35 36 39 41 53 57 61 64 75 84 85 89 92 94 104 108 115 
2 6 9 18 24 31 35 36 39 41 53 57 61 64 75 84 85 89 92 94 102 108 118 
2 8 10 19 24 32 35 36 39 41 53 54 61 65 75 84 85 89 92 94 102 110 115 
2 6 9 18 24 31 35 36 39 45 53 57 61 64 75 84 85 89 92 94 102 108 115 
2 8 12 13 23 26 35 36 38 42 53 56 61 64 75 84 85 89 92 94 104 110 114 
2 6 9 14 24 32 35 36 39 45 53 57 61 64 75 84 85 89 92 94 104 108 115 
2 8 12 14 24 32 35 37 38 48 52 55 61 64 75 84 85 89 92 94 103 107 113 
2 6 10 14 24 31 35 36 39 41 53 57 61 64 75 84 85 89 92 94 102 108 115 
2 5 10 14 24 32 35 36 39 49 53 54 61 65 75 84 85 89 92 94 104 108 115 
2 6 10 18 24 32 35 36 39 41 53 57 61 64 75 84 85 89 92 94 102 112 118 
2 6 10 18 24 31 35 36 39 45 53 57 61 64 75 84 85 89 92 94 102 112 118 
2 6 10 14 24 31 35 36 39 42 53 57 61 64 75 84 85 89 92 94 104 108 115 
2 8 10 14 24 32 35 36 39 42 53 57 61 64 75 84 85 89 92 94 104 112 118 
2 6 9 14 24 32 35 36 39 42 53 57 61 64 75 84 85 89 92 94 104 112 115 
1 8 10 18 24 30 35 36 38 49 53 56 61 64 75 84 85 89 92 94 104 107 114 
2 4 12 19 23 26 35 36 38 42 53 56 61 64 75 84 85 89 92 94 104 110 114 
2 5 12 19 23 26 35 36 38 42 53 56 61 64 75 84 85 89 92 94 102 107 114 
2 8 9 14 24 31 35 36 39 42 53 57 61 64 75 84 85 89 92 94 104 108 118 
2 5 10 19 24 31 35 36 39 49 53 54 61 65 75 84 85 89 92 94 102 108 119 
1 8 10 18 24 30 35 36 38 45 53 56 61 64 75 84 85 89 92 94 102 108 115 
2 6 9 18 24 32 35 36 39 42 53 57 61 64 75 84 85 89 92 94 104 108 118 
2 5 12 13 23 26 35 36 38 49 53 56 61 64 75 84 85 89 92 94 102 107 114 
2 6 10 14 24 32 35 36 39 42 53 57 61 64 75 84 85 89 92 94 104 112 115 
2 8 10 19 24 31 35 36 39 41 53 54 61 65 75 84 85 89 92 94 104 110 119 
2 8 12 18 23 26 35 37 39 49 52 56 61 63 75 84 85 89 92 95 102 108 115 
2 8 9 18 24 32 35 37 38 41 52 55 61 64 75 84 85 89 92 94 104 107 113 
2 6 9 18 24 32 35 36 39 41 53 57 61 64 75 84 85 89 92 94 104 108 118 
2 5 9 14 24 31 35 37 38 41 52 55 61 64 75 84 85 89 92 94 104 107 113 
2 8 9 14 24 31 35 36 39 45 53 57 61 64 75 84 85 89 92 94 104 112 118 
2 5 12 13 23 26 35 36 38 42 53 56 61 64 75 84 85 89 92 94 104 110 114 
2 6 9 14 24 31 35 36 39 48 53 57 61 64 75 84 85 89 92 94 102 108 115 
2 8 9 18 24 32 35 36 39 42 53 57 61 64 75 84 85 89 92 94 104 112 118 
2 8 10 18 24 32 35 36 39 48 53 57 61 64 75 84 85 89 92 94 104 108 118 
2 5 9 18 24 31 35 37 38 48 52 55 61 64 75 84 85 89 92 94 104 107 113 
2 8 10 14 24 32 35 36 39 41 53 57 61 64 75 84 85 89 92 94 104 108 115 
2 6 9 18 24 32 35 36 39 41 53 57 61 64 75 84 85 89 92 94 102 108 115 
2 8 9 18 24 31 35 36 39 42 53 57 61 64 75 84 85 89 92 94 102 112 115 
2 8 12 18 23 26 35 37 39 47 52 56 60 64 75 84 85 89 92 95 102 108 115 
2 5 10 19 24 32 35 36 39 48 53 54 61 65 75 84 85 89 92 94 102 110 119 
1 8 9 18 24 30 35 36 38 45 53 56 61 64 75 84 85 89 92 94 104 107 114 
2 6 9 18 24 31 35 36 39 48 53 57 61 64 75 84 85 89 92 94 104 112 115 
2 6 9 18 24 31 35 36 39 45 53 57 61 64 75 84 85 89 92 94 102 108 118 
2 6 10 18 24 32 35 36 39 48 53 57 61 64 75 84 85 89 92 94 104 112 115 
2 6 10 18 24 31 35 36 39 41 53 57 61 64 75 84 85 89 92 94 102 112 115 
2 8 9 14 24 31 35 36 39 41 53 57 61 64 75 84 85 89 92 94 102 108 115 
2 6 9 18 24 32 35 36 39 41 53 57 61 64 75 84 85 89 92 94 102 112 118 
2 8 12 14 24 31 35 37 38 48 52 55 61 64 75 84 85 89 92 94 104 107 113 
2 8 12 13 23 26 35 36 38 48 53 56 61 64 75 84 85 89 92 94 104 110 114 
2 5 10 14 24 31 35 36 39 48 53 54 61 65 75 84 85 89 92 94 104 108 115 
2 6 9 18 24 32 35 36 39 48 53 57 61 64 75 84 85 89 92 94 102 112 118 
2 8 9 14 24 31 35 36 39 42 53 57 61 64 75 84 85 89 92 94 102 108 115 
2 8 10 14 24 31 35 36 39 45 53 57 61 64 75 84 85 89 92 94 102 108 115 
2 8 10 18 24 32 35 36 39 41 53 57 61 64 75 84 85 89 92 94 104 108 115 
2 4 12 13 23 26 35 36 38 49 53 56 61 64 75 84 85 89 92 94 104 107 114 
2 8 9 18 24 31 35 36 39 48 53 57 61 64 75 84 85 89 92 94 104 112 118 
1 8 9 18 24 30 35 36 38 45 53 56 61 64 75 84 85 89 92 94 102 108 115 
2 8 10 14 24 31 35 36 39 48 53 54 61 65 75 84 85 89 92 94 104 108 115 
2 5 12 18 24 31 35 37 38 49 52 55 61 64 75 84 85 89 92 94 104 107 113 
2 8 10 18 24 32 35 36 39 42 53 57 61 64 75 84 85 89 92 94 102 112 118 
2 6 10 18 24 32 35 36 39 48 53 57 61 64 75 84 85 89 92 94 102 108 115 
2 8 9 18 24 31 35 36 39 42 53 57 61 64 75 84 85 89 92 94 104 112 115 
2 8 9 14 24 31 35 36 39 42 53 57 61 64 75 84 85 89 92 94 104 108 115 
1 8 10 19 24 30 35 36 38 49 53 56 61 64 75 84 85 89 92 94 102 107 114 
2 6 9 14 24 31 35 36 39 48 53 57 61 64 75 84 85 89 92 94 104 112 115 
2 8 12 13 23 26 35 36 38 48 53 56 61 64 75 84 85 89 92 94 102 110 114 
1 8 10 18 24 30 35 36 38 45 53 56 61 64 75 84 85 89 92 94 102 108 114 
2 8 10 14 24 32 35 36 39 48 53 54 61 65 75 84 85 89 92 94 104 110 119 
2 5 12 19 23 26 35 36 38 45 53 56 61 64 75 84 85 89 92 94 102 107 114 
2 6 9 18 24 32 35 36 39 45 53 57 61 64 75 84 85 89 92 94 104 112 115 
2 8 12 18 24 32 35 37 38 41 52 55 61 64 75 84 85 89 92 94 104 107 113 
2 8 10 18 24 32 35 36 39 41 53 57 61 64 75 84 85 89 92 94 102 108 115 
2 6 10 14 24 32 35 36 39 48 53 57 61 64 75 84 85 89 92 94 104 108 115 
2 8 10 14 24 32 35 36 39 48 53 54 61 65 75 84 85 89 92 94 102 108 115 
2 5 10 14 24 31 35 36 39 49 53 54 61 65 75 84 85 89 92 94 102 108 119 
2 5 10 14 24 31 35 36 39 41 53 54 61 65 75 84 85 89 92 94 102 110 119 
2 8 9 18 24 32 35 36 39 41 53 57 61 64 75 84 85 89 92 94 102 108 115 
2 8 9 18 24 31 35 36 39 41 53 57 61 64 75 84 85 89 92 94 104 112 118 
1 8 9 18 24 30 35 36 38 48 53 56 61 64 75 84 85 89 92 94 102 107 114 
2 5 12 18 24 31 35 37 38 49 52 55 61 64 75 84 85 89 92 94 103 107 113 
2 8 9 18 24 32 35 36 39 41 53 57 61 64 75 84 85 89 92 94 104 108 115 
2 8 9 18 24 32 35 37 38 49 52 55 61 64 75 84 85 89 92 94 103 107 113 
2 8 10 18 24 31 35 36 39 48 53 57 61 64 75 84 85 89 92 94 102 108 118 
2 5 10 14 24 32 35 36 39 41 53 54 61 65 75 84 85 89 92 94 102 110 119 
2 8 9 19 23 26 35 37 39 49 52 56 60 64 75 84 85 89 92 95 102 108 115 
2 5 10 14 24 31 35 36 39 41 53 54 61 65 75 84 85 89 92 94 104 110 115 
1 8 9 19 24 30 35 36 38 49 53 56 61 64 75 84 85 89 92 94 104 108 115 
2 4 12 19 23 26 35 36 38 42 53 56 61 64 75 84 85 89 92 94 104 107 114 
2 6 10 14 24 32 35 36 39 41 53 57 61 64 75 84 85 89 92 94 104 108 118 
2 6 9 18 24 32 35 36 39 48 53 57 61 64 75 84 85 89 92 94 104 108 115 
2 6 10 18 24 32 35 36 39 45 53 57 61 64 75 84 85 89 92 94 104 112 118 
2 5 12 19 23 26 35 36 38 45 53 56 61 64 75 84 85 89 92 94 104 107 114 
2 8 9 18 24 31 35 36 39 41 53 57 61 64 75 84 85 89 92 94 102 112 118 
2 6 10 18 24 32 35 36 39 42 53 57 61 64 75 84 85 89 92 94 102 112 115 
2 6 10 18 24 31 35 36 39 42 53 57 61 64 75 84 85 89 92 94 104 112 118 
2 5 10 19 24 32 35 36 39 41 53 54 61 65 75 84 85 89 92 94 104 108 115 
1 8 10 18 24 30 35 36 38 45 53 56 61 64 75 84 85 89 92 94 102 107 115 
2 8 9 18 24 31 35 36 39 48 53 57 61 64 75 84 85 89 92 94 104 112 115 
2 8 10 18 24 31 35 36 39 48 53 57 61 64 75 84 85 89 92 94 104 108 118 
2 5 12 18 24 32 35 37 38 41 52 55 61 64 75 84 85 89 92 94 103 107 113 
2 5 12 13 23 26 35 36 38 42 53 56 61 64 75 84 85 89 92 94 102 107 114 
2 5 9 13 23 26 35 37 39 49 52 56 61 64 75 84 85 89 92 95 102 109 115 
2 8 10 14 24 31 35 36 39 42 53 57 61 64 75 84 85 89 92 94 104 108 118 
2 6 9 18 24 31 35 36 39 45 53 57 61 64 75 84 85 89 92 94 104 108 118 
1 5 10 19 24 30 35 36 38 41 53 56 61 64 75 84 85 89 92 94 102 108 114 
2 8 9 18 24 32 35 36 39 48 53 57 61 64 75 84 85 89 92 94 102 112 118 
1 5 9 19 24 30 35 36 38 41 53 56 61 64 75 84 85 89 92 94 102 107 114 
2 8 10 18 24 32 35 36 39 45 53 57 61 64 75 84 85 89 92 94 104 108 115 
2 8 10 14 24 31 35 36 39 45 53 57 61 64 75 84 85 89 92 94 104 112 118 
2 5 10 14 24 31 35 36 39 48 53 54 61 65 75 84 85 89 92 94 104 108 119 
2 8 10 19 24 31 35 36 39 41 53 54 61 65 75 84 85 89 92 94 104 108 119 
2 5 10 19 24 31 35 36 39 41 53 54 61 65 75 84 85 89 92 94 104 110 115 
2 8 10 18 24 31 35 36 39 41 53 57 61 64 75 84 85 89 92 94 104 112 118 
2 5 12 19 23 26 35 37 39 47 52 56 61 64 75 84 85 89 92 95 102 108 115 
2 8 9 14 24 32 35 36 39 45 53 57 61 64 75 84 85 89 92 94 104 112 118 
1 8 10 18 24 30 35 36 38 41 53 56 61 64 75 84 85 89 92 94 104 108 115 
2 6 10 14 24 31 35 36 39 48 53 57 61 64 75 84 85 89 92 94 104 112 118 
2 4 12 19 23 26 35 36 38 49 53 56 61 64 75 84 85 89 92 94 104 107 114 
2 8 9 14 24 32 35 36 39 45 53 57 61 64 75 84 85 89 92 94 102 108 118 
2 6 10 18 24 32 35 36 39 48 53 57 61 64 75 84 85 89 92 94 102 112 118 
2 5 10 19 24 31 35 36 39 48 53 54 61 65 75 84 85 89 92 94 102 108 115 
2 6 10 14 24 31 35 36 39 42 53 57 61 64 75 84 85 89 92 94 102 108 118 
2 6 10 18 24 31 35 36 39 42 53 57 61 64 75 84 85 89 92 94 102 108 115 
2 8 10 19 24 32 35 36 39 48 53 54 61 65 75 84 85 89 92 94 104 110 119 
2 5 12 13 23 26 35 36 38 49 53 56 61 64 75 84 85 89 92 94 104 110 114 
2 8 12 13 23 26 35 36 38 42 53 56 61 64 75 84 85 89 92 94 102 110 114 
2 6 10 14 24 32 35 36 39 48 53 57 61 64 75 84 85 89 92 94 102 108 115 
2 8 9 14 24 32 35 36 39 48 53 57 61 64 75 84 85 89 92 94 102 108 118 
2 6 10 18 24 32 35 36 39 45 53 57 61 64 75 84 85 89 92 94 104 108 115 
2 8 9 18 24 31 35 36 39 42 53 57 61 64 75 84 85 89 92 94 102 108 118 
2 6 9 14 24 31 35 36 39 42 53 57 61 64 75 84 85 89 92 94 104 112 118 
2 8 9 14 24 31 35 36 39 45 53 57 61 64 75 84 85 89 92 94 102 108 118 
2 8 12 13 23 26 35 37 39 49 52 56 60 63 75 84 85 89 92 95 102 108 115 
2 5 9 14 24 31 35 37 38 49 52 55 61 64 75 84 85 89 92 94 104 107 113 
1 8 10 18 24 30 35 36 38 49 53 56 61 64 75 84 85 89 92 94 102 108 115